0 3728
11006 1868
12140 3724
12272 4412
12352 3050
12976 4480
13537 5368
13661 5590
13694 1876
15766 2964
16520 3284
16868 7916
17014 6260
177 2398
17818 2532
18451 5598
19530 2312
19542 3852
19957 2736
20701 768
2148 2636
21695 2300
21791 3832
22290 1100
22345 3282
22572 2844
23008 1532
23344 2092
23414 2196
2584 3492
2586 3948
26137 2856
26153 3080
26930 3056
28635 7764
28921 1548
2895 3506
29697 1544
29707 2412
29971 5068
30014 5392
31051 6560
32001 2640
6045 3512
6532 5052
7533 2524
8269 8210
8444 4192
8466 4600
8700 3732
