10919 14025
25536 14050
24334 14133
15671 14105
0 14542
24524 14394
629 13901
22079 14074
7082 14371
24732 14455
9536 14268
13120 14528
24513 14515
9816 14128
26708 13816
16393 14489
18588 14282
11993 14341
14118 14320
8123 14258
8466 14105
31026 14342
21728 14338
5343 14531
17013 14370
3703 14354
18093 14179
2860 14030
7610 14498
28599 14347
6839 14046
13185 14120
26670 14515
13859 14382
25460 14370
29169 14339
25499 14625
26906 14490
16650 14449
21458 13953
23256 14355
8856 14450
17114 14374
16903 14610
1519 14409
15379 14420
19086 14028
23220 14634
25267 14429
8780 14080
