0 3866
10919 3761
11993 3559
13120 3572
13185 3746
13859 3754
14118 3760
1519 3967
15379 3966
15671 3657
16393 3769
16650 3569
16903 3966
17013 1611
17114 3968
18093 3451
18588 3862
19086 3356
21458 3645
21728 3960
22079 3458
23220 1282
23256 3671
24334 3863
24513 3765
24524 3762
24732 3761
25267 3969
25460 3460
25499 3973
25536 3842
26670 3467
26708 3744
26906 3666
28599 3657
2860 3650
29169 2383
31026 3572
3703 3560
5343 3665
629 1605
6839 3452
7082 3459
7610 2386
8123 3656
8466 3647
8780 3852
8856 618
9536 3754
9816 3456
