0 3966
10919 3861
11993 3859
13120 4072
13185 3746
13859 3854
14118 3960
1519 4067
15379 4066
15671 3857
16393 3969
16650 3969
16903 3966
17013 4074
17114 3968
18093 3851
18588 3862
19086 3856
21458 3745
21728 3860
22079 3748
23220 3968
23256 3971
24334 3863
24513 3965
24524 3962
24732 3961
25267 3969
25460 3860
25499 4073
25536 3742
26670 3967
26708 3744
26906 3966
28599 3857
2860 3750
29169 3857
31026 4072
3703 3860
5343 3965
629 3855
6839 3852
7082 3859
7610 3970
8123 3756
8466 3747
8780 3752
8856 3966
9536 3854
9816 3856
