10919 14025
25536 14050
24334 14133
15671 14105
0 14542
24524 14394
629 13901
7082 14371
22079 14074
24732 14455
9536 14268
13120 14528
26708 13816
24513 14515
9816 14128
18588 14282
16393 14489
11993 14341
14118 14320
8123 14258
31026 14342
8466 14105
21728 14338
5343 14531
17013 14370
18093 14179
2860 14030
7610 14498
3703 14354
28599 14347
6839 14046
26670 14515
13859 14382
25460 14370
13185 14120
29169 14339
25499 14625
16650 14449
21458 13953
23256 14355
26906 14490
17114 14374
8856 14450
1519 14409
19086 14028
15379 14420
16903 14610
25267 14429
23220 14634
8780 14080
