0 9926
16520 9664
21791 9522
12140 11144
8466 10904
22290 12650
22345 6620
26930 8802
2586 8490
22572 8996
17014 15206
16868 16490
28921 11934
19530 10992
12272 8604
32001 8964
23414 9278
11006 6876
8444 9698
18451 20232
29697 10664
23008 11838
6532 14116
8700 11476
13661 16384
15766 6846
2148 6752
12352 10460
8269 12928
30014 11020
23344 7186
6045 9892
12976 6982
17818 22084
21695 12016
13537 13990
26137 8566
28635 10588
19542 14272
7533 5870
29707 16722
31051 6966
19957 8136
2584 9552
13694 12664
29971 13478
26153 16968
20701 10226
2895 10556
177 19634
