0 11394
11006 4914
12140 5654
12272 9724
12352 8950
12976 8728
13537 10960
13661 7874
13694 7626
15766 4870
16520 6618
16868 12106
17014 10980
177 11118
17818 9224
18451 9318
19530 8008
19542 11844
19957 10170
20701 9620
2148 6392
21695 6604
21791 9744
22290 6528
22345 7254
22572 6882
23008 4464
23344 5772
23414 5662
2584 5860
2586 6384
26137 12558
26153 8016
26930 9128
28635 8490
28921 9522
2895 4370
29697 5590
29707 5158
29971 4058
30014 9598
31051 11280
32001 12252
6045 5884
6532 5922
7533 5836
8269 10984
8444 4786
8466 9364
8700 10060
