0 6676
11006 2318
12140 2860
12272 6196
12352 4954
12976 4844
13537 6300
13661 4210
13694 4446
15766 2598
16520 3490
16868 6790
17014 6078
177 6658
17818 4968
18451 5346
19530 4284
19542 6338
19957 5492
20701 5676
2148 3386
21695 3650
21791 6032
22290 3240
22345 3812
22572 3760
23008 2162
23344 2852
23414 2736
2584 3148
2586 3398
26137 7166
26153 4304
26930 5330
28635 4524
28921 5994
2895 1942
29697 2586
29707 2788
29971 1748
30014 5518
31051 6490
32001 7432
6045 3180
6532 2956
7533 2972
8269 6772
8444 2264
8466 5470
8700 6068
