0 13100
13120 13192
18588 12744
31026 12968
7610 13060
25460 12948
23256 13071
19086 12558
24334 12967
22079 12674
9816 12770
8466 12735
3703 12988
13185 12662
26906 13156
16903 13068
24524 12848
9536 12816
11993 12983
21728 12912
2860 12646
13859 12920
21458 12785
15379 13110
10919 12735
7082 12975
26708 12480
8123 12654
18093 12801
26670 13065
16650 12977
1519 13021
15671 12763
24732 12989
16393 13017
5343 13199
28599 12983
29169 12887
8856 13192
23220 13116
25536 12588
629 12531
24513 13107
14118 12872
17013 13324
6839 12780
25499 13147
17114 12968
25267 12949
8780 12654
