10919 13671
25536 13556
15671 13637
24524 13770
0 13882
24334 13821
629 13485
9536 13570
24732 13897
22079 13516
7082 13821
13120 13914
24513 14001
26708 13360
16393 13809
18588 13684
11993 13889
9816 13724
14118 13788
8123 13514
31026 13874
5343 13835
21728 13924
8466 13649
17013 13956
18093 13761
28599 13857
3703 13718
2860 13516
7610 13996
6839 13704
26670 13843
29169 13723
13859 13768
25460 13854
13185 13564
25499 14061
8856 13980
16650 13975
17114 13886
21458 13695
26906 14102
23256 13967
25267 14007
1519 13941
23220 14074
19086 13492
15379 13914
16903 13894
8780 13602
