0 5542
11006 8370
12140 12382
12272 8014
12352 6812
12976 5778
13537 14462
13661 8542
13694 8344
15766 5896
16520 7080
16868 13154
17014 6586
177 11922
17818 12160
18451 15362
19530 8602
19542 12734
19957 17142
20701 7588
2148 6924
21695 7092
21791 10508
22290 7590
22345 8184
22572 6666
23008 4798
23344 6142
23414 6066
2584 7726
2586 5632
26137 12930
26153 8688
26930 11334
28635 7484
28921 7270
2895 9944
29697 5932
29707 6080
29971 4336
30014 10418
31051 12264
32001 5198
6045 6416
6532 6342
7533 7378
8269 14470
8444 5114
8466 10342
8700 10818
