0 2354
11006 4528
12140 6586
12272 3702
12352 3220
12976 2430
13537 7824
13661 3910
13694 4416
15766 2732
16520 3280
16868 6610
17014 2688
177 5968
17818 6172
18451 7994
19530 4104
19542 6068
19957 8940
20701 3720
2148 3288
21695 3560
21791 5312
22290 3702
22345 3732
22572 3226
23008 2012
23344 2732
23414 2586
2584 3766
2586 2286
26137 6422
26153 4244
26930 5656
28635 3468
28921 3378
2895 4880
29697 2556
29707 2906
29971 1598
30014 5200
31051 6190
32001 2160
6045 2940
6532 2780
7533 3600
8269 7412
8444 2054
8466 5408
8700 5708
