0 8912
12140 10374
21791 9944
16520 13504
8466 10994
22290 11030
26930 9768
22345 6968
18451 10212
22572 7714
2586 12266
16868 17900
17014 13274
17818 10224
28921 16032
12272 9210
8444 8420
32001 11234
26137 8568
6532 10832
19530 13462
29697 10262
23414 19568
2148 10270
23344 6354
7533 15888
13661 19010
11006 11024
23008 9520
8269 12430
12976 7134
12352 9314
15766 6828
19542 14562
6045 8930
29707 7926
29971 14250
8700 11570
26153 6818
28635 13596
19957 8874
2895 7938
13537 11252
13694 11166
31051 7974
20701 6800
2584 12514
30014 18520
177 14220
21695 8852
