7082 13827
0 13894
26708 13408
13120 13938
8123 13698
18588 13472
18093 13717
31026 13848
26670 13903
7610 13794
25460 13808
16650 13877
1519 13787
23256 13939
15671 13579
19086 13416
24732 13909
24334 13471
22079 13556
16393 13913
9816 13556
5343 13915
8466 13591
28599 13851
3703 13744
29169 13753
13185 13528
8856 14020
26906 13992
23220 13868
16903 13944
25536 13462
629 13509
24524 13810
24513 13913
9536 13646
14118 13778
11993 13793
17013 14014
21728 13766
6839 13614
2860 13530
25499 13925
13859 13760
17114 13786
21458 13557
25267 13969
15379 14006
8780 13530
10919 13631
