0 9356
16520 9094
21791 8948
12140 10580
8466 10334
22290 12080
22345 6050
17014 7942
26930 8232
2586 7920
22572 8832
16868 15920
23414 7046
28921 11376
19530 10422
12272 8028
32001 8394
8444 6712
18451 19656
11006 6306
23008 11268
29697 10098
13661 11480
15766 6656
6532 13552
8700 10906
12352 9890
2148 6188
6045 9322
8269 12358
29707 9098
23344 6616
30014 10450
12976 6412
17818 21510
13537 13420
19957 7566
26137 6668
21695 11446
7533 5300
31051 6396
19542 13706
2584 8982
26153 7498
13694 8368
28635 14334
29971 12908
20701 9656
2895 9986
177 21582
