0 7542
26930 14202
16868 12106
28921 10020
32001 12492
8444 7200
29697 8206
13661 15152
12352 7204
8269 14632
29707 7326
12976 7800
19957 15984
28635 11168
2584 9204
16520 9408
22345 11102
21791 16154
22572 7902
18451 18874
12272 19392
6532 8420
17818 15340
2148 8954
23344 6482
26137 11848
7533 7166
29971 7564
19542 15670
2895 7170
22290 9782
2586 7780
177 12398
8466 8734
19530 18834
11006 10634
17014 19368
23414 8168
23008 11134
8700 15212
15766 7312
30014 12976
6045 10410
21695 9322
26153 9028
13537 14808
13694 10238
20701 7206
31051 15130
12140 12368
