10919 14233
25536 14126
15671 14215
24334 14339
0 14452
24524 14336
629 14049
22079 14048
24732 14435
9536 14146
7082 14351
13120 14484
24513 14571
9816 14236
26708 13950
16393 14377
18588 14246
11993 14457
14118 14350
8123 14084
31026 14464
8466 14199
5343 14469
21728 14494
17013 14528
3703 14314
18093 14331
7610 14418
28599 14417
2860 14014
6839 14274
13185 14172
26670 14401
25460 14464
29169 14293
13859 14350
25499 14625
26906 14670
16650 14567
8856 14560
23256 14535
21458 14241
17114 14456
16903 14422
1519 14515
19086 14064
23220 14610
15379 14476
25267 14575
8780 14112
