0 8912
12140 10374
21791 9944
16520 13504
22290 11030
8466 10994
22345 6968
26930 9768
18451 10212
22572 7714
2586 12266
16868 17900
17014 13274
17818 10224
12272 9210
28921 16032
32001 11234
8444 8420
26137 8568
6532 10832
19530 13462
23414 19568
29697 10262
2148 10270
7533 15888
11006 11024
23344 6354
13661 19010
23008 9520
8269 12430
12352 9314
15766 6828
12976 7134
8700 11570
29971 14250
19542 14562
29707 7926
6045 8930
26153 6818
2895 7938
19957 8874
28635 13596
13537 11252
13694 11166
31051 7974
30014 18520
177 14220
20701 6800
2584 12514
21695 8852
