0 4626
10919 4401
11993 4429
13120 4702
13185 4406
13859 4394
14118 4490
1519 4597
15379 4476
15671 4667
16393 4719
16650 4659
16903 4626
17013 4544
17114 4868
18093 4601
18588 4462
19086 4526
21458 4345
21728 4560
22079 4288
23220 4628
23256 4571
24334 4533
24513 4445
24524 4402
24732 4461
25267 4599
25460 4610
25499 4823
25536 4222
26670 4597
26708 4134
26906 4506
28599 4547
2860 4260
29169 4337
31026 4612
3703 4610
5343 4565
629 4515
6839 4302
7082 4489
7610 4480
8123 4386
8466 4227
8780 4362
8856 4536
9536 4394
9816 4396
