0 10154
10919 9637
11993 9981
13120 10216
13185 9642
13859 9948
14118 9900
1519 10153
15379 10088
15671 9685
16393 9869
16650 9965
16903 9988
17013 10168
17114 9924
18093 9805
18588 9696
19086 9838
21458 9679
21728 10022
22079 9642
23220 10112
23256 9939
24334 9975
24513 10071
24524 9970
24732 9995
25267 9935
25460 9848
25499 10133
25536 9616
26670 10021
26708 9608
26906 10014
28599 9847
2860 9592
29169 9851
31026 10232
3703 9782
5343 10089
629 9519
6839 9900
7082 9967
7610 10042
8123 9752
8466 9917
8780 9698
8856 10162
9536 9642
9816 9844
