0 6688
16868 11264
32001 11636
13661 14282
12352 6340
29707 6460
19957 15160
2584 10462
21791 12544
18451 18018
17818 14480
26137 6162
7533 6266
29971 12774
2895 6322
177 17644
8466 7850
17014 18526
23414 7302
23008 11746
15766 6470
6045 9532
13537 13952
31051 14258
12140 10344
26930 13342
28921 10428
8444 6334
29697 7364
8269 13754
12976 10862
28635 10320
16520 13690
22345 10250
22572 7054
12272 10290
6532 7554
2148 8494
23344 5638
19542 14810
22290 8922
2586 6914
19530 13738
11006 9770
8700 13088
30014 12128
21695 8468
26153 8190
13694 9810
20701 6346
