0 4296
10919 4191
11993 4189
13120 4402
13185 4076
13859 4184
14118 4190
1519 4297
15379 4296
15671 4187
16393 4299
16650 4299
16903 4296
17013 4304
17114 4298
18093 4081
18588 4192
19086 4286
21458 4075
21728 4290
22079 4078
23220 4298
23256 4301
24334 4193
24513 4295
24524 4292
24732 4191
25267 4299
25460 4190
25499 4303
25536 4072
26670 4297
26708 4074
26906 4296
28599 4187
2860 4080
29169 4187
31026 4402
3703 4190
5343 4295
629 4185
6839 4182
7082 4189
7610 4300
8123 4186
8466 4077
8780 4182
8856 4296
9536 4184
9816 4186
