0 11172
10919 10989
11993 11169
13120 11358
13185 10738
13859 10976
14118 11010
1519 11219
15379 11040
15671 10801
16393 11021
16650 11211
16903 11252
17013 11242
17114 11092
18093 10883
18588 10904
19086 10930
21458 10971
21728 11138
22079 10818
23220 11296
23256 10983
24334 10945
24513 11269
24524 11192
24732 11123
25267 11221
25460 11004
25499 11047
25536 10732
26670 11139
26708 10664
26906 11312
28599 11085
2860 10770
29169 10975
31026 11160
3703 10940
5343 11219
629 10721
6839 11058
7082 11159
7610 11096
8123 10786
8466 10981
8780 10918
8856 11308
9536 10864
9816 10908
